801 147 112 2 3
804 146 113 1 1
805 6 218 10 3
805 142 101 11 17
806 145 113 2 5
807 4 215 19 9
807 40 213 2 1
807 38 213 1 1
807 28 212 9 3
807 9 212 3 1
807 43 211 5 2
807 49 209 4 2
807 108 199 16 6
807 68 199 24 10
807 125 197 5 2
807 147 194 7 3
807 182 188 4 4
807 170 163 10 6
807 10 154 5 2
807 18 152 8 3
807 87 144 3 1
807 98 140 10 4
807 145 101 10 15
807 8 100 3 3
807 82 88 5 4
810 10 219 5 1
810 7 219 1 1
810 145 106 7 10
810 148 104 1 1
813 7 219 8 1
813 145 106 7 10
814 146 106 5 9
815 143 103 8 13
816 5 217 14 6
816 112 202 3 1
816 152 144 2 4
816 143 102 10 15
817 14 219 1 1
817 145 102 8 13
818 143 106 7 12
819 143 103 8 14
820 146 106 6 8
821 142 106 10 12
822 13 219 2 1
822 10 219 2 1
822 142 104 10 14
823 99 215 49 9
823 143 104 11 14
824 84 212 63 12
824 143 103 11 15
825 54 202 92 22
825 142 105 12 14
826 18 195 127 29
826 143 103 12 16
827 5 191 136 33
827 144 104 12 14
828 2 182 136 42
828 143 104 12 14
829 2 174 119 50
829 143 103 12 16
830 2 169 113 55
830 66 200 16 10
830 7 193 16 9
830 144 102 14 18
831 2 163 93 61
831 42 194 12 9
831 145 104 11 14
832 2 157 86 67
832 145 101 13 17
833 2 158 66 66
833 14 183 7 7
833 145 102 14 17
834 2 161 48 63
834 8 172 7 5
834 145 104 12 14
835 2 155 48 69
835 144 102 13 17
836 2 158 47 66
836 145 102 14 16
837 2 207 46 17
837 145 103 12 14
838 2 207 46 17
838 143 103 11 15
839 2 206 47 18
839 145 103 11 15
840 2 206 41 18
840 144 104 11 15
841 2 206 17 15
841 145 105 9 13
842 2 214 22 10
842 28 209 25 7
842 68 203 21 7
842 108 197 21 8
842 145 193 11 4
842 161 192 2 1
842 180 190 1 1
842 182 188 5 4
842 27 151 3 2
842 6 151 19 6
842 53 149 1 1
842 58 148 4 1
842 66 147 1 1
842 148 143 6 6
842 84 140 19 6
842 143 100 12 18
842 81 88 4 4
843 144 102 13 16
844 145 104 9 14
845 2 206 51 18
845 62 199 29 12
845 101 194 29 13
845 140 189 27 10
845 175 186 13 7
845 171 163 5 3
845 4 148 31 11
845 39 145 33 10
845 148 143 6 5
845 80 138 28 11
845 142 100 13 18
845 60 99 6 6
845 6 99 5 3
845 154 90 5 3
845 78 87 16 7
846 146 104 9 12
847 144 104 10 14
848 145 105 9 13
849 145 104 10 14
850 147 103 9 14
851 145 104 9 14
852 6 219 7 2
852 143 104 10 14
853 146 104 9 13
854 4 212 74 12
854 144 104 9 14
855 2 205 70 19
855 144 105 8 12
856 2 201 69 23
856 145 105 9 12
857 2 198 63 26
857 146 104 8 12
858 2 189 56 35
858 147 104 7 12
859 2 189 45 35
859 147 106 7 9
860 2 194 28 30
860 146 107 6 10
861 2 196 21 28
861 146 104 7 11
862 2 199 16 24
862 144 103 8 14
863 2 199 16 24
863 144 103 8 14
864 5 218 5 5
864 147 107 5 7
865 5 219 3 3
865 147 106 6 8
866 148 106 5 6
867 146 105 7 9
868 145 103 7 12
869 147 105 7 10
870 143 104 8 13
871 6 219 6 2
871 144 103 8 13
872 147 109 5 4
872 150 107 1 1
873 172 214 5 5
873 144 104 8 12
874 65 212 76 12
874 145 104 6 11
875 55 206 84 18
875 145 108 7 8
876 33 198 139 26
876 144 106 7 11
877 27 194 142 30
877 147 105 8 9
878 8 186 147 38
878 116 207 10 9
878 146 108 6 6
879 2 178 137 46
879 75 202 6 8
879 144 105 7 11
880 2 206 34 18
880 2 175 130 49
880 65 200 12 10
880 146 106 7 8
881 2 169 111 55
881 46 194 16 12
881 147 107 6 7
882 2 160 94 64
882 26 184 16 13
882 145 103 8 12
883 2 159 86 65
883 20 204 15 11
883 17 183 15 12
883 146 115 1 2
883 146 106 7 8
884 2 153 88 71
884 147 107 6 6
885 2 151 89 73
885 145 104 8 12
886 2 155 85 69
886 147 108 6 5
887 2 154 67 70
887 145 101 8 15
888 2 185 50 39
888 145 102 9 14
889 2 189 31 20
889 146 107 6 6
890 5 218 10 3
890 2 186 20 16
890 143 102 10 14
891 146 103 9 13
892 147 107 6 5
893 10 219 1 1
893 144 103 8 14
894 4 215 12 9
894 172 164 5 3
894 145 100 10 17
895 144 108 7 9
896 6 219 6 2
896 143 103 8 14
897 147 107 6 6
898 146 107 6 9
899 145 102 9 14
900 146 104 6 10
901 146 104 6 10
902 147 109 3 4
903 149 113 1 1
903 149 109 2 1
904 146 112 1 4
905 145 111 5 4
908 148 109 2 4
909 148 103 7 11
911 148 109 2 4
914 4 215 12 9
914 172 165 1 1
914 146 101 8 14
916 10 219 1 1
916 8 219 1 1
916 148 145 1 1
916 145 107 5 8
917 149 106 4 9
922 5 216 10 7
922 147 103 9 11
925 148 103 8 11
928 6 219 5 1
928 118 217 19 7
928 149 103 5 10
929 103 216 24 8
930 10 212 26 12
930 46 205 90 19
931 112 210 3 2
931 2 196 101 28
932 112 209 3 3
932 106 207 2 2
932 84 199 20 11
932 2 193 79 31
932 65 203 3 4
933 89 200 11 7
933 51 195 4 1
933 61 188 7 6
933 2 183 115 41
933 149 107 1 2
934 2 181 106 43
935 2 171 87 53
935 9 201 6 8
936 2 186 67 38
937 2 167 61 57
937 148 103 7 12
938 2 175 40 49
938 149 112 3 1
938 150 110 1 1
938 150 108 2 1
939 2 171 37 53
940 2 192 36 32
941 2 203 40 21
941 147 102 6 11
942 173 146 3 1
942 2 135 187 89
942 51 202 10 7
942 129 191 6 5
942 62 150 93 41
942 18 149 99 49
942 78 144 8 8
942 146 119 4 2
942 48 116 7 4
942 2 94 13 10
942 145 88 30 30
942 156 96 6 5
942 80 87 37 12
942 16 87 56 34
943 2 211 27 13
944 2 205 19 19
944 111 201 5 1
944 144 100 9 16
945 3 212 6 7
945 149 109 2 4
953 145 126 1 1
953 142 103 10 16
955 144 106 7 9
956 144 124 4 6
956 143 103 9 14
957 143 102 9 13
958 144 124 4 6
958 142 102 10 15
959 150 144 5 3
959 144 125 4 5
959 142 101 9 17
960 144 104 7 11
961 20 189 2 2
961 70 187 3 2
961 11 185 1 1
961 106 181 2 1
961 44 177 4 2
961 31 171 2 1
961 172 163 9 6
961 152 143 5 5
961 145 101 9 14
962 168 170 2 2
962 147 147 7 9
962 138 104 15 31
962 80 90 6 5
962 152 89 6 7
963 167 170 5 2
963 146 145 8 9
963 138 105 14 29
963 152 89 7 8
963 81 89 4 4
964 72 188 1 1
964 9 185 7 3
964 153 145 4 3
964 144 99 9 18
965 146 106 6 7
966 2 211 19 13
966 23 205 30 13
966 61 199 30 12
966 102 193 27 13
966 139 188 26 10
966 175 186 12 6
966 170 162 5 4
966 4 147 29 11
966 39 143 33 8
966 146 140 12 10
966 79 137 27 11
966 61 100 3 2
966 138 98 15 32
966 154 89 6 6
966 77 87 12 6
967 141 104 10 14
968 2 209 17 15
968 24 201 30 17
968 39 197 7 3
968 62 192 30 18
968 102 190 27 16
968 79 190 1 1
968 175 186 12 6
968 138 183 28 15
968 61 183 17 8
968 5 182 32 14
968 105 180 8 4
968 45 177 5 2
968 89 174 7 4
968 85 172 3 2
968 31 171 9 4
968 179 169 3 2
968 170 161 11 7
968 110 161 1 1
968 54 153 6 2
968 5 147 31 13
968 43 144 31 6
968 147 140 13 11
968 80 137 33 12
968 140 98 13 32
968 4 98 8 4
968 20 89 5 4
968 83 88 8 4
969 4 216 10 8
969 114 201 4 2
969 11 185 1 1
969 106 181 1 1
969 170 162 8 6
969 151 143 7 5
969 146 121 3 6
969 142 99 11 19
970 139 103 14 31
971 6 219 2 1
971 140 100 13 30
972 143 103 8 13
973 143 121 3 4
973 141 101 11 17
974 157 146 2 3
974 142 102 10 15
975 156 145 3 3
975 143 103 8 13
976 5 219 6 2
976 154 143 8 6
976 142 121 5 4
976 140 100 13 20
977 2 207 16 17
977 24 200 29 17
977 102 189 28 16
977 175 186 12 5
977 58 182 35 28
977 4 181 43 19
977 139 176 30 21
977 83 171 37 16
977 28 169 22 10
977 17 165 8 4
977 168 161 18 12
977 60 161 22 10
977 155 158 2 2
977 100 156 40 18
977 90 152 3 2
977 53 152 7 4
977 6 148 30 12
977 126 147 25 10
977 47 144 26 6
977 146 138 18 13
977 83 137 36 13
977 64 111 4 5
977 50 101 6 4
977 142 98 12 26
977 37 96 6 4
977 4 96 9 6
977 18 88 11 6
977 83 87 12 7
978 142 105 10 13
979 145 106 8 10
980 146 106 7 8
981 144 102 8 14
982 148 115 1 1
982 148 105 7 9
983 145 103 12 16
984 6 219 4 1
984 155 142 6 5
984 145 99 14 19
985 145 101 13 19
986 146 99 13 21
987 155 143 7 5
987 146 100 13 19
988 146 103 13 23
989 146 101 15 25
990 148 100 13 29
991 147 98 14 29
992 149 101 16 29
993 161 126 4 3
993 149 101 17 30
994 148 101 16 29
995 148 101 15 30
996 155 143 1 1
996 150 97 18 44
997 149 100 20 39
998 150 103 19 31
999 158 147 1 2
999 149 103 19 29
1000 157 147 7 4
1000 150 101 20 33
1001 150 105 19 29
1002 150 105 20 28
1003 6 219 2 1
1003 149 101 18 28
1004 6 219 4 2
1004 157 137 3 3
1004 150 100 20 33
1005 151 103 20 31
1006 152 105 17 31
1007 155 107 14 31
1008 24 217 31 7
1008 152 109 1 1
1008 152 103 18 32
1009 3 213 82 11
1009 165 151 4 2
1009 155 106 15 32
1010 29 207 50 17
1010 2 206 21 18
1010 155 106 15 33
1011 3 211 23 13
1011 6 197 71 27
1011 164 148 2 2
1011 151 104 18 36
1012 6 219 1 1
1012 112 201 4 1
1012 2 186 67 38
1012 163 146 6 6
1012 161 140 2 1
1012 151 102 18 37
1013 2 185 60 39
1013 162 142 9 12
1013 154 105 15 33
1014 45 217 5 5
1014 2 185 43 38
1014 165 149 6 6
1014 155 107 15 31
1015 2 190 32 34
1015 156 106 16 32
1016 3 201 16 23
1016 155 106 16 31
1017 3 216 13 8
1017 154 107 15 31
1018 3 215 13 9
1018 154 106 15 30
1019 4 216 10 8
1019 112 201 4 2
1019 154 103 16 32
1020 157 106 14 32
1021 167 151 5 7
1021 157 108 17 31
1022 167 151 5 7
1022 157 108 17 31
1023 166 148 6 8
1023 158 106 15 30
1024 165 149 8 9
1024 157 118 17 20
1024 163 108 7 8
1025 164 147 9 14
1025 157 109 16 36
1026 157 108 17 49
1027 166 148 7 9
1027 160 107 16 33
1028 164 148 9 12
1028 160 108 17 34
1029 165 145 8 12
1029 160 106 17 32
1030 5 217 8 7
1030 165 145 7 11
1030 160 104 18 34
1031 6 219 1 1
1031 166 147 7 9
1031 161 104 18 33
1032 166 150 7 8
1032 161 107 20 33
1032 168 122 5 10
1033 165 150 8 10
1033 161 108 19 32
1033 166 122 8 10
1034 166 151 6 7
1034 160 108 19 31
1034 166 122 8 10
1035 6 219 2 1
1035 166 148 7 9
1035 161 104 19 33
1036 165 152 8 8
1036 161 107 19 33
1037 166 150 8 7
1037 161 105 19 33
1038 165 149 9 8
1038 160 104 19 34
1039 164 153 8 8
1039 159 108 20 33
1040 165 152 6 6
1040 159 107 19 33
1041 5 218 7 3
1041 166 150 6 6
1041 160 104 19 34
1042 167 151 7 6
1042 161 105 18 33
1043 166 152 8 8
1043 160 109 17 31
1044 5 218 7 6
1044 167 149 7 6
1044 161 103 17 35
1045 168 152 7 4
1045 162 106 17 33
1046 169 154 3 2
1046 161 107 16 32
1047 165 151 8 8
1047 159 107 17 32
1048 165 152 7 6
1048 159 107 17 31
1049 165 152 8 6
1049 159 106 17 32
1050 166 151 7 6
1050 159 106 17 33
1051 166 153 7 6
1051 160 108 16 31
1052 95 219 5 4
1052 11 212 48 12
1052 81 210 8 6
1052 165 152 7 6
1052 159 107 17 32
1053 2 200 100 24
1053 165 152 6 5
1053 158 106 16 33
1054 2 191 90 33
1054 167 151 6 5
1054 160 126 10 11
1054 162 104 14 16
1055 2 184 83 40
1055 168 152 6 5
1055 161 107 15 32
1056 2 178 63 46
1056 165 152 8 7
1056 159 108 16 32
1057 2 178 44 46
1057 165 152 7 7
1057 159 108 15 32
1058 2 183 32 41
1058 165 152 8 6
1058 159 106 15 32
1059 2 208 32 16
1059 165 151 7 7
1059 158 107 14 32
1060 2 208 25 16
1060 166 151 6 7
1060 159 107 14 32
1061 3 209 5 6
1061 166 149 8 9
1061 160 107 14 34
1062 165 152 6 6
1062 158 107 13 32
1063 167 151 5 5
1063 160 125 9 13
1063 160 107 13 16
1064 167 151 7 6
1064 160 106 15 33
1065 167 149 8 7
1065 160 105 16 32
1066 162 150 9 9
1066 156 108 15 32
1067 165 150 8 7
1067 159 106 14 33
1068 169 152 3 3
1068 160 125 10 13
1068 161 106 13 18
1069 167 157 2 1
1069 159 110 13 30
1070 165 154 7 7
1070 158 109 14 32
1071 168 150 5 6
1071 160 106 15 32
1072 167 151 8 9
1072 160 108 16 33
1073 166 152 6 5
1073 160 107 13 32
1074 4 216 9 7
1074 113 201 2 1
1074 167 150 5 6
1074 159 124 9 12
1074 161 104 12 13
1075 6 219 2 1
1075 165 148 8 8
1075 160 125 9 13
1075 161 104 12 13
1076 166 152 7 6
1076 160 107 13 32
1077 166 152 7 6
1077 160 107 13 32
1078 168 151 6 7
1078 161 107 14 32
1079 165 152 6 6
1079 159 125 10 14
1079 159 107 13 14
1080 166 151 7 7
1080 160 126 9 13
1080 160 120 4 1
1080 162 108 10 9
1081 165 151 8 8
1081 159 107 14 34
1082 166 153 7 7
1082 159 119 10 21
1082 163 108 9 10
1083 164 153 8 7
1083 158 123 11 18
1083 159 108 12 14
1084 164 150 7 6
1084 157 123 12 17
1084 157 118 4 4
1084 161 106 10 10
1085 6 219 2 1
1085 166 149 8 7
1085 159 124 10 13
1085 161 104 12 11
1086 169 149 5 8
1086 161 107 14 32
1087 5 217 6 3
1087 157 125 11 12
1087 159 105 11 11
1087 154 91 1 1
1087 80 89 2 3
1088 169 155 2 1
1088 158 109 13 29
1089 165 151 7 7
1089 159 107 12 31
1090 167 152 3 4
1090 158 124 11 15
1090 159 107 12 16
1091 166 152 5 4
1091 160 126 9 12
1091 160 118 2 2
1091 161 107 10 10
1092 166 151 7 6
1092 160 108 13 32
1093 166 151 5 6
1093 158 107 13 31
1094 166 151 6 6
1094 159 126 10 11
1094 160 106 11 17
1095 167 150 6 7
1095 160 125 10 13
1095 161 106 11 18
1096 167 150 7 7
1096 161 106 13 32
1097 167 152 6 5
1097 160 107 13 31
1098 168 152 4 3
1098 160 106 14 32
1099 158 107 13 31
1100 2 210 15 14
1100 27 204 26 12
1100 64 198 27 11
1100 104 192 24 12
1100 144 189 21 7
1100 176 187 9 3
1100 170 161 9 6
1100 7 149 24 8
1100 53 148 2 1
1100 89 147 2 1
1100 68 145 2 1
1100 83 138 21 8
1100 159 100 15 33
1100 6 99 3 2
1100 86 90 1 2
1100 84 90 1 2
1101 165 154 7 7
1101 158 109 17 31
1102 167 153 4 3
1102 159 107 16 31
1103 2 211 15 13
1103 29 206 23 9
1103 65 201 24 8
1103 104 195 23 9
1103 145 190 19 6
1103 178 187 7 4
1103 169 163 7 4
1103 6 149 24 9
1103 164 147 9 8
1103 83 138 18 8
1103 159 123 9 14
1103 159 99 18 22
1103 62 99 3 2
1103 83 90 2 2
1103 81 88 1 4
1104 161 128 7 10
1104 161 106 15 16
1105 166 153 6 7
1105 160 130 8 10
1105 160 108 18 20
1106 2 202 17 21
1106 174 184 15 8
1106 4 181 52 36
1106 14 163 82 47
1106 167 160 21 14
1106 53 158 78 48
1106 181 150 2 1
1106 166 147 9 7
1106 5 147 32 13
1106 42 143 32 14
1106 81 136 86 62
1106 160 124 8 13
1106 67 116 2 2
1106 62 110 6 5
1106 45 98 21 8
1106 104 95 2 1
1106 3 95 10 8
1106 158 90 21 29
1106 82 88 15 7
1106 17 87 27 13
1107 167 152 5 3
1107 160 105 19 31
1108 168 153 5 6
1108 161 107 16 31
1109 167 153 5 4
1109 160 107 18 30
1110 5 218 6 3
1110 166 150 7 6
1110 160 126 7 10
1110 161 103 15 22
1111 165 153 7 5
1111 160 107 16 31
1112 166 153 5 4
1112 160 127 8 11
1112 160 106 15 20
1113 166 151 6 6
1113 160 127 8 11
1113 161 106 15 19
1114 166 154 5 4
1114 160 109 15 30
1115 165 153 7 6
1115 159 128 9 10
1115 160 107 15 17
1116 167 152 3 4
1116 159 127 8 9
1116 160 106 15 16
1117 61 219 3 3
1117 26 219 3 3
1117 20 219 4 4
1117 167 151 6 5
1117 160 105 17 32
1118 5 208 55 16
1118 168 152 5 5
1118 161 127 7 10
1118 162 106 14 15
1119 3 203 75 21
1119 167 153 4 4
1119 160 128 8 10
1119 161 108 14 15
1120 5 202 56 22
1120 165 154 6 6
1120 160 129 8 10
1120 160 108 15 17
1121 2 195 40 29
1121 165 153 7 7
1121 159 108 16 33
1122 3 209 35 15
1122 2 183 16 27
1122 165 152 5 3
1122 158 105 17 32
1123 2 199 28 25
1123 166 150 6 6
1123 159 122 9 15
1123 160 104 15 17
1124 2 203 18 21
1124 165 152 7 6
1124 159 128 9 10
1124 160 107 14 17
1125 3 213 18 11
1125 169 155 2 1
1125 161 107 15 30
1126 3 213 6 9
1126 168 152 5 3
1126 160 104 16 33
1127 168 152 5 5
1127 161 128 7 9
1127 162 106 15 20
1128 167 151 6 6
1128 161 128 7 9
1128 161 106 16 17
1129 167 153 5 5
1129 161 128 7 10
1129 160 107 15 19
1130 166 153 5 5
1130 159 127 9 12
1130 160 107 15 19
1131 6 219 3 1
1131 166 151 6 5
1131 159 104 16 33
1132 167 154 5 4
1132 160 108 15 31
1133 167 153 4 3
1133 159 106 16 31
1134 5 218 6 3
1134 165 151 6 5
1134 158 126 9 11
1134 160 104 15 18
1135 165 153 6 5
1135 159 106 16 33
1136 167 153 6 6
1136 161 128 7 9
1136 161 108 15 19
1137 168 152 5 4
1137 161 127 7 10
1137 162 105 15 16
1138 165 153 7 5
1138 160 128 8 11
1138 162 125 1 1
1138 160 108 15 16
1139 166 154 6 4
1139 160 108 15 31
1140 167 151 6 5
1140 161 126 7 11
1140 162 104 15 21
1141 169 153 4 3
1141 161 128 8 10
1141 164 125 1 1
1141 163 106 14 18
1142 167 154 5 3
1142 161 107 14 30
1143 165 153 5 5
1143 158 128 10 11
1143 159 107 15 19
1144 166 153 3 2
1144 159 126 9 12
1144 160 105 13 16
1145 5 216 8 7
1145 170 162 7 6
1145 168 151 4 5
1145 160 126 7 10
1145 162 102 14 17
1146 162 129 7 8
1146 162 107 15 15
1147 167 153 6 6
1147 161 108 15 30
1148 167 153 6 6
1148 161 108 15 30
1149 162 129 5 8
1149 161 108 12 13
1150 165 153 8 7
1150 161 129 7 10
1150 160 109 14 18
1151 162 130 6 8
1151 160 110 14 16
1152 167 153 3 2
1152 160 127 8 10
1152 160 106 14 15
1153 50 219 9 5
1153 166 152 7 7
1153 161 129 7 10
1153 160 108 15 18
1154 2 204 80 20
1154 161 129 7 9
1154 160 107 14 15
1155 3 196 85 28
1155 166 150 6 6
1155 160 127 7 8
1155 161 104 13 15
1156 4 214 10 8
1156 2 186 64 38
1156 167 154 5 3
1156 161 129 6 8
1156 161 108 13 14
1157 49 212 6 5
1157 2 183 37 38
1157 167 151 4 5
1157 160 128 8 9
1157 160 105 14 15
1158 2 185 29 39
1158 167 153 3 3
1158 159 127 9 12
1158 159 107 14 16
1159 2 201 21 23
1159 166 154 6 3
1159 159 108 14 31
1160 2 210 24 14
1160 167 152 5 5
1160 162 128 5 9
1160 161 107 13 14
1161 4 212 3 4
1161 166 151 6 5
1161 161 129 6 7
1161 161 106 13 15
1162 167 153 5 4
1162 162 130 5 7
1162 160 108 13 14
1163 168 152 3 3
1163 161 128 7 9
1163 160 105 14 14
1164 166 153 5 5
1164 159 128 9 12
1164 159 109 13 16
1165 164 151 6 6
1165 158 127 9 10
1165 159 106 13 15
1166 161 129 6 7
1166 160 107 13 15
1167 166 153 4 3
1167 159 126 8 11
1167 159 106 13 15
1168 168 153 3 2
1168 162 130 5 6
1168 160 108 12 14
1169 164 153 6 4
1169 159 128 9 11
1169 158 108 15 15
1170 165 168 10 5
1170 183 163 2 3
1170 166 162 2 1
1170 164 154 6 7
1170 157 130 10 12
1170 156 111 16 18
1170 151 89 7 6
1170 78 88 7 7
1171 163 151 8 9
1171 156 109 15 32
1172 163 151 8 9
1172 156 109 15 31
1173 167 154 6 5
1173 161 130 8 9
1173 160 109 14 17
1174 5 218 5 2
1174 167 150 5 6
1174 160 127 7 9
1174 160 103 14 17
1175 166 160 23 14
1175 182 147 3 4
1175 168 145 13 9
1175 2 135 187 88
1175 15 208 8 6
1175 129 191 5 4
1175 168 185 3 5
1175 20 152 97 44
1175 40 148 14 9
1175 161 124 7 10
1175 3 93 13 10
1175 157 88 22 30
1175 82 87 32 13
1175 16 87 58 37
1176 12 207 6 4
1176 42 198 6 3
1176 91 196 3 2
1176 31 193 4 2
1176 76 189 1 1
1176 124 188 2 2
1176 18 188 3 1
1176 168 184 1 2
1176 6 183 2 1
1176 107 181 1 1
1176 92 175 5 3
1176 126 168 5 2
1176 124 167 1 1
1176 122 166 1 1
1176 169 162 12 8
1176 170 149 7 7
1176 162 126 8 11
1176 162 103 18 19
1176 157 91 3 1
1176 85 91 2 1
1176 172 90 3 3
1177 169 153 5 4
1177 161 129 7 9
1177 162 108 14 14
1178 167 151 6 5
1178 161 128 7 9
1178 161 106 14 15
1179 6 219 2 1
1179 167 151 5 4
1179 162 128 4 6
1179 161 105 14 15
1180 169 152 4 4
1180 162 128 5 8
1180 162 105 13 18
1181 168 151 5 5
1181 161 127 7 10
1181 161 105 14 16
1182 4 215 10 8
1182 31 213 1 1
1182 9 210 4 2
1182 49 208 4 2
1182 46 201 7 6
1182 114 200 1 1
1182 87 199 1 1
1182 42 198 5 3
1182 127 196 2 1
1182 125 196 1 1
1182 30 193 3 2
1182 122 192 2 2
1182 13 186 7 3
1182 65 185 1 1
1182 112 183 1 1
1182 60 183 4 3
1182 108 181 1 1
1182 44 176 1 1
1182 91 175 5 3
1182 129 168 2 2
1182 127 168 1 1
1182 124 166 1 2
1182 122 166 1 1
1182 169 161 10 8
1182 167 148 7 7
1182 115 142 1 1
1182 161 126 6 9
1182 161 100 15 18
1183 168 150 7 6
1183 162 128 7 8
1183 163 104 14 17
1184 163 152 7 6
1184 157 126 10 14
1184 157 106 18 17
1184 152 91 3 1
1184 80 90 3 2
1185 165 153 6 4
1185 159 128 9 11
1185 159 107 15 15
1186 166 155 5 3
1186 160 129 7 9
1186 160 108 14 16
1187 165 153 6 5
1187 159 129 8 10
1187 159 108 14 16
1188 163 153 7 6
1188 157 107 16 33
1189 173 170 4 5
1189 168 170 1 1
1189 184 163 1 2
1189 165 154 5 9
1189 158 130 10 12
1189 157 108 18 18
1189 153 90 5 4
1189 80 89 6 6
1190 165 153 7 6
1190 159 129 8 9
1190 160 108 13 15
1191 166 153 4 4
1191 158 128 9 12
1191 159 107 14 15
1192 163 152 6 5
1192 156 127 11 13
1192 157 125 3 1
1192 157 106 16 17
1193 164 153 7 8
1193 159 129 9 10
1193 158 108 15 18
1194 5 218 5 2
1194 42 198 1 1
1194 31 193 2 2
1194 122 192 2 1
1194 75 189 3 2
1194 92 175 4 2
1194 129 168 1 1
1194 170 162 9 5
1194 168 149 6 7
1194 161 126 6 9
1194 161 101 16 18
1195 163 152 6 6
1195 156 106 18 33
1195 168 90 2 4
1195 151 89 5 5
1195 79 89 5 4
1196 165 154 7 6
1196 159 129 9 10
1196 160 108 14 18
1197 165 154 6 5
1197 159 129 9 11
1197 159 108 15 18
1198 163 152 8 7
1198 157 106 16 33
1199 163 152 8 7
1199 157 106 16 33
1200 163 152 8 7
1200 157 106 16 33
